16.2897
16.5959
19.2777
19.7984
20.0862
21.2192
22.1497
22.5248
24.1246
24.2022
25.2004
26.6512
28.5295
29.7748
31.7618
32.5747
36.4522
37.1758
37.6353
38.6614
42.1057
42.9966
43.4699
47.2424
47.7827
17.1444
17.4666
20.2892
20.8372
21.1401
22.3325
23.3119
23.7066
25.3904
25.4721
26.5227
28.0496
30.0264
31.337
33.4283
34.2839
38.3648
39.1263
39.61
40.69
44.3149
45.2526
45.7507
49.7212
50.2898
17.9991
18.3374
21.3006
21.876
22.194
23.4459
24.474
24.8885
26.6562
26.7419
27.8449
29.4479
31.5233
32.8993
35.0948
35.9931
40.2774
41.0769
41.5847
42.7185
46.5242
47.5086
48.0315
52.2
52.7969
18.8538
19.2082
22.3121
22.9148
23.2479
24.5592
25.6362
26.0703
27.922
28.0118
29.1672
30.8463
33.0202
34.4616
36.7613
37.7022
42.1901
43.0275
43.5594
44.747
48.7334
49.7646
50.3123
54.6787
55.304
19.7085
20.079
23.3236
23.9536
24.3018
25.6726
26.7984
27.2522
29.1878
29.2817
30.4894
32.2446
34.5172
36.0238
38.4278
39.4114
44.1027
44.9781
45.5341
46.7756
50.9427
52.0206
52.5932
57.1575
57.8111
20.5632
20.9497
24.3351
24.9924
25.3558
26.7859
27.9606
28.4341
30.4536
30.5515
31.8117
33.643
36.0141
37.5861
40.0943
41.1206
46.0153
46.9287
47.5088
48.8041
53.1519
54.2766
54.874
59.6363
60.3182
21.4179
21.8205
25.3466
26.0312
26.4097
27.8993
29.1227
29.6159
31.7194
31.8214
33.1339
35.0414
37.511
39.1483
41.7608
42.8297
47.9279
48.8792
49.4835
50.8326
55.3612
56.5326
57.1548
62.1151
62.8254
22.2726
22.6913
26.3581
27.07
27.4636
29.0126
30.2849
30.7978
32.9852
33.0913
34.4562
36.4397
39.0079
40.7106
43.4273
44.5389
49.8405
50.8298
51.4582
52.8612
57.5704
58.7886
59.4357
64.5938
65.3325
23.1273
23.562
27.3695
28.1088
28.5175
30.126
31.4471
31.9796
34.251
34.3611
35.7784
37.8381
40.5048
42.2728
45.0938
46.2481
51.7531
52.7804
53.4329
54.8897
59.7797
61.0446
61.7165
67.0726
67.8396
23.982
24.4328
28.381
29.1476
29.5714
31.2393
32.6093
33.1615
35.5168
35.631
37.1007
39.2365
42.0018
43.8351
46.7604
47.9572
53.6658
54.731
55.4076
56.9182
61.9889
63.3006
63.9973
69.5514
70.3467
24.8368
25.3036
29.3925
30.1864
30.6253
32.3527
33.7714
34.3433
36.7826
36.9009
38.4229
40.6348
43.4987
45.3974
48.4269
49.6664
55.5784
56.6816
57.3823
58.9468
64.1982
65.5566
66.2781
72.0301
72.8538
25.6915
26.1744
30.404
31.2253
31.6792
33.466
34.9336
35.5252
38.0484
38.1707
39.7452
42.0332
44.9956
46.9596
50.0934
51.3756
57.491
58.6321
59.357
60.9753
66.4074
67.8126
68.559
74.5089
75.3609
26.5462
27.0451
31.4155
32.2641
32.7331
34.5794
36.0958
36.707
39.3142
39.4406
41.0674
43.4316
46.4925
48.5219
51.7599
53.0847
59.4036
60.5827
61.3317
63.0038
68.6167
70.0686
70.8398
76.9877
77.8681
27.4009
27.9159
32.4269
33.3029
33.787
35.6927
37.258
37.8889
40.58
40.7105
42.3897
44.8299
47.9894
50.0841
53.4264
54.7939
61.3162
62.5333
63.3064
65.0324
70.8259
72.3246
73.1206
79.4664
80.3752
28.2556
28.7867
33.4384
34.3417
34.8409
36.8061
38.4201
39.0708
41.8458
41.9804
43.7119
46.2283
49.4863
51.6464
55.0929
56.5031
63.2288
64.4839
65.2811
67.0609
73.0352
74.5806
75.4014
81.9452
82.8823
29.1103
29.6574
34.4499
35.3805
35.8948
37.9194
39.5823
40.2526
43.1116
43.2502
45.0341
47.6267
50.9833
53.2086
56.7594
58.2122
65.1415
66.4345
67.2557
69.0894
75.2444
76.8366
77.6823
84.424
85.3894
29.965
30.5282
35.4614
36.4193
36.9487
39.0328
40.7445
41.4345
44.3774
44.5201
46.3564
49.025
52.4802
54.7709
58.4259
59.9214
67.0541
68.385
69.2304
71.118
77.4537
79.0926
79.9631
86.9027
87.8965
30.8197
31.399
36.4729
37.4581
38.0026
40.1461
41.9067
42.6163
45.6432
45.79
47.6786
50.4234
53.9771
56.3331
60.0924
61.6306
68.9667
70.3356
71.2051
73.1465
79.6629
81.3486
82.2439
89.3815
90.4037
31.6744
32.2698
37.4844
38.4969
39.0565
41.2595
43.0688
43.7982
46.909
47.0598
49.0009
51.8218
55.474
57.8954
61.759
63.3398
70.8793
72.2862
73.1798
75.175
81.8722
83.6046
84.5247
91.8603
92.9108
32.5291
33.1405
38.4958
39.5357
40.1104
42.3728
44.231
44.98
48.1748
48.3297
50.3231
53.2201
56.9709
59.4577
63.4255
65.0489
72.7919
74.2368
75.1545
77.2036
84.0814
85.8606
86.8055
94.339
95.4179
33.3838
34.0113
39.5073
40.5745
41.1643
43.4862
45.3932
46.1619
49.4405
49.5996
51.6454
54.6185
58.4678
61.0199
65.092
66.7581
74.7045
76.1873
77.1292
79.2321
86.2907
88.1166
89.0864
96.8178
97.925
34.2385
34.8821
40.5188
41.6133
42.2183
44.5995
46.5553
47.3437
50.7063
50.8694
52.9676
56.0169
59.9648
62.5822
66.7585
68.4673
76.6171
78.1379
79.1039
81.2607
88.4999
90.3726
91.3672
99.2966
100.432
35.0932
35.7528
41.5303
42.6521
43.2722
45.7129
47.7175
48.5256
51.9721
52.1393
54.2899
57.4152
61.4617
64.1444
68.425
70.1764
78.5298
80.0885
81.0786
83.2892
90.7092
92.6285
93.648
101.775
102.939
35.9479
36.6236
42.5418
43.6909
44.3261
46.8262
48.8797
49.7074
53.2379
53.4092
55.6121
58.8136
62.9586
65.7067
70.0915
71.8856
80.4424
82.0391
83.0533
85.3177
92.9184
94.8845
95.9288
104.254
105.446
36.8026
37.4944
43.5533
44.7297
45.38
47.9396
50.0419
50.8893
54.5037
54.679
56.9344
60.2119
64.4555
67.2689
71.758
73.5948
82.355
83.9896
85.028
87.3463
95.1277
97.1405
98.2097
106.733
107.953
37.6573
38.3651
44.5647
45.7685
46.4339
49.0529
51.204
52.0711
55.7695
55.9489
58.2566
61.6103
65.9524
68.8312
73.4245
75.3039
84.2676
85.9402
87.0027
89.3748
97.3369
99.3965
100.49
109.212
110.461
38.5121
39.2359
45.5762
46.8073
47.4878
50.1663
52.3662
53.253
57.0353
57.2188
59.5789
63.0087
67.4494
70.3934
75.091
77.0131
86.1802
87.8908
88.9774
91.4033
99.5462
101.653
102.771
111.69
112.968
39.3668
40.1067
46.5877
47.8461
48.5417
51.2796
53.5284
54.4349
58.3011
58.4886
60.9011
64.407
68.9463
71.9557
76.7576
78.7223
88.0928
89.8414
90.9521
93.4319
101.755
103.909
105.052
114.169
115.475
40.2215
40.9775
47.5992
48.8849
49.5956
52.393
54.6906
55.6167
59.5669
59.7585
62.2234
65.8054
70.4432
73.518
78.4241
80.4314
90.0054
91.792
92.9268
95.4604
103.965
106.165
107.333
116.648
117.982
41.0762
41.8482
48.6107
49.9237
50.6495
53.5063
55.8527
56.7986
60.8327
61.0284
63.5456
67.2038
71.9401
75.0802
80.0906
82.1406
91.918
93.7425
94.9015
97.4889
106.174
108.421
109.614
119.127
120.489
41.9309
42.719
49.6221
50.9625
51.7034
54.6197
57.0149
57.9804
62.0985
62.2982
64.8678
68.6021
73.437
76.6425
81.7571
83.8498
93.8307
95.6931
96.8761
99.5175
108.383
110.677
111.895
121.605
122.996
42.7856
43.5898
50.6336
52.0013
52.7573
55.733
58.1771
59.1623
63.3643
63.5681
66.1901
70.0005
74.9339
78.2047
83.4236
85.5589
95.7433
97.6437
98.8508
101.546
110.592
112.933
114.175
124.084
125.503
43.6403
44.4605
51.6451
53.0401
53.8112
56.8464
59.3393
60.3441
64.6301
64.838
67.5123
71.3988
76.4309
79.767
85.0901
87.2681
97.6559
99.5943
100.826
103.575
112.802
115.189
116.456
126.563
128.01
44.495
45.3313
52.6566
54.0789
54.8651
57.9597
60.5014
61.526
65.8959
66.1078
68.8346
72.7972
77.9278
81.3292
86.7566
88.9773
99.5685
101.545
102.8
105.603
115.011
117.445
118.737
129.042
130.518
45.3497
46.2021
53.6681
55.1177
55.919
59.0731
61.6636
62.7078
67.1617
67.3777
70.1568
74.1956
79.4247
82.8915
88.4231
90.6864
101.481
103.495
104.775
107.632
117.22
119.701
121.018
131.521
133.025
46.2044
47.0728
54.6796
56.1565
56.9729
60.1864
62.8258
63.8897
68.4275
68.6476
71.4791
75.5939
80.9216
84.4538
90.0897
92.3956
103.394
105.446
106.75
109.66
119.429
121.957
123.299
133.999
135.532
47.0591
47.9436
55.691
57.1953
58.0268
61.2998
63.988
65.0715
69.6933
69.9174
72.8013
76.9923
82.4185
86.016
91.7562
94.1048
105.306
107.397
108.724
111.689
121.639
124.213
125.58
136.478
138.039
47.9138
48.8144
56.7025
58.2341
59.0807
62.4131
65.1501
66.2534
70.9591
71.1873
74.1235
78.3907
83.9155
87.5783
93.4227
95.8139
107.219
109.347
110.699
113.717
123.848
126.468
127.86
138.957
140.546
48.7685
49.6851
57.714
59.2729
60.1346
63.5265
66.3123
67.4353
72.2249
72.4572
75.4458
79.789
85.4124
89.1405
95.0892
97.5231
109.132
111.298
112.674
115.746
126.057
128.724
130.141
141.436
143.053
49.6232
50.5559
58.7255
60.3117
61.1886
64.6398
67.4745
68.6171
73.4907
73.727
76.768
81.1874
86.9093
90.7028
96.7557
99.2323
111.044
113.248
114.648
117.774
128.266
130.98
132.422
143.914
145.56
50.4779
51.4267
59.737
61.3505
62.2425
65.7532
68.6367
69.799
74.7565
74.9969
78.0903
82.5857
88.4062
92.265
98.4222
100.941
112.957
115.199
116.623
119.803
130.476
133.236
134.703
146.393
148.067
51.3326
52.2975
60.7485
62.3894
63.2964
66.8665
69.7989
70.9808
76.0223
76.2668
79.4125
83.9841
89.9031
93.8273
100.089
102.651
114.869
117.149
118.598
121.831
132.685
135.492
136.984
148.872
150.574
52.1873
53.1682
61.7599
63.4282
64.3503
67.9799
70.961
72.1627
77.2881
77.5366
80.7348
85.3825
91.4
95.3895
101.755
104.36
116.782
119.1
120.572
123.86
134.894
137.748
139.264
151.351
153.082
53.042
54.039
62.7714
64.467
65.4042
69.0932
72.1232
73.3445
78.5539
78.8065
82.057
86.7808
92.897
96.9518
103.422
106.069
118.695
121.051
122.547
125.888
137.103
140.004
141.545
153.83
155.589
53.8968
54.9098
63.7829
65.5058
66.4581
70.2066
73.2854
74.5264
79.8197
80.0764
83.3792
88.1792
94.3939
98.5141
105.088
107.778
120.607
123.001
124.522
127.917
139.313
142.26
143.826
156.308
158.096
54.7515
55.7805
64.7944
66.5446
67.512
71.3199
74.4476
75.7082
81.0855
81.3462
84.7015
89.5775
95.8908
100.076
106.755
109.487
122.52
124.952
126.497
129.945
141.522
144.516
146.107
158.787
160.603
55.6062
56.6513
65.8059
67.5834
68.5659
72.4333
75.6097
76.8901
82.3513
82.6161
86.0237
90.9759
97.3877
101.639
108.421
111.196
124.432
126.902
128.471
131.974
143.731
146.772
148.388
161.266
163.11
56.4609
57.5221
66.8173
68.6222
69.6198
73.5466
76.7719
78.0719
83.6171
83.886
87.346
92.3743
98.8846
103.201
110.088
112.906
126.345
128.853
130.446
134.003
145.94
149.028
150.669
163.745
165.617
57.3156
58.3928
67.8288
69.661
70.6737
74.66
77.9341
79.2538
84.8829
85.1558
88.6682
93.7726
100.382
104.763
111.754
114.615
128.258
130.803
132.421
136.031
148.15
151.284
152.949
166.223
168.124
58.1703
59.2636
68.8403
70.6998
71.7276
75.7733
79.0963
80.4357
86.1487
86.4257
89.9905
95.171
101.878
106.325
113.421
116.324
130.17
132.754
134.395
138.06
150.359
153.54
155.23
168.702
170.631
59.025
60.1344
69.8518
71.7386
72.7815
76.8867
80.2585
81.6175
87.4145
87.6956
91.3127
96.5694
103.375
107.888
115.087
118.033
132.083
134.705
136.37
140.088
152.568
155.796
157.511
171.181
173.138
59.8797
61.0051
70.8633
72.7774
73.8355
78
81.4206
82.7994
88.6803
88.9654
92.6349
97.9677
104.872
109.45
116.754
119.742
133.996
136.655
138.345
142.117
154.777
158.052
159.792
173.66
175.646
60.7344
61.8759
71.8748
73.8162
74.8894
79.1134
82.5828
83.9812
89.9461
90.2353
93.9572
99.3661
106.369
111.012
118.42
121.451
135.908
138.606
140.319
144.145
156.987
160.308
162.073
176.139
178.153
61.5891
62.7467
72.8862
74.855
75.9433
80.2267
83.745
85.1631
91.2119
91.5052
95.2794
100.764
107.866
112.574
120.087
123.161
137.821
140.556
142.294
146.174
159.196
162.564
164.354
178.617
180.66
62.4438
63.6175
73.8977
75.8938
76.9972
81.3401
84.9072
86.3449
92.4777
92.775
96.6017
102.163
109.363
114.137
121.753
124.87
139.733
142.507
144.269
148.202
161.405
164.82
166.634
181.096
183.167
63.2985
64.4882
74.9092
76.9326
78.0511
82.4534
86.0693
87.5268
93.7435
94.0449
97.9239
103.561
110.86
115.699
123.42
126.579
141.646
144.458
146.244
150.231
163.614
167.076
168.915
183.575
185.674
64.1532
65.359
75.9207
77.9714
79.105
83.5668
87.2315
88.7086
95.0093
95.3148
99.2462
104.96
112.357
117.261
125.086
128.288
143.559
146.408
148.218
152.259
165.824
169.332
171.196
186.054
188.181
65.0079
66.2298
76.9322
79.0102
80.1589
84.6801
88.3937
89.8905
96.2751
96.5846
100.568
106.358
113.854
118.823
126.753
129.997
145.471
148.359
150.193
154.288
168.033
171.588
173.477
188.532
190.688
65.8626
67.1005
77.9436
80.049
81.2128
85.7935
89.5559
91.0723
97.5409
97.8545
101.891
107.756
115.351
120.386
128.419
131.706
147.384
150.309
152.168
156.316
170.242
173.844
175.758
191.011
193.195
66.7173
67.9713
78.9551
81.0878
82.2667
86.9068
90.7181
92.2542
98.8067
99.1244
103.213
109.155
116.848
121.948
130.086
133.416
149.296
152.26
154.142
158.345
172.451
176.1
178.038
193.49
195.702
67.5721
68.8421
79.9666
82.1266
83.3206
88.0202
91.8802
93.4361
100.073
100.394
104.535
110.553
118.345
123.51
131.752
135.125
151.209
154.21
156.117
160.373
174.661
178.356
180.319
195.969
198.21
68.4268
69.7129
80.9781
83.1654
84.3745
89.1335
93.0424
94.6179
101.338
101.664
105.857
111.951
119.841
125.072
133.419
136.834
153.122
156.161
158.092
162.402
176.87
180.612
182.6
198.447
200.717
69.2815
70.5836
81.9896
84.2042
85.4285
90.2469
94.2046
95.7998
102.604
102.934
107.18
113.35
121.338
126.635
135.085
138.543
155.034
158.112
160.066
164.431
179.079
182.868
184.881
200.926
203.224
70.1362
71.4544
83.0011
85.243
86.4824
91.3602
95.3668
96.9816
103.87
104.204
108.502
114.748
122.835
128.197
136.752
140.252
156.947
160.062
162.041
166.459
181.288
185.124
187.162
203.405
205.731
70.9909
72.3252
84.0125
86.2818
87.5363
92.4736
96.5289
98.1635
105.136
105.474
109.824
116.146
124.332
129.759
138.418
141.961
158.859
162.013
164.016
168.488
183.498
187.38
189.443
205.884
208.238
71.8456
73.196
85.024
87.3206
88.5902
93.5869
97.6911
99.3453
106.402
106.744
111.146
117.545
125.829
131.321
140.085
143.671
160.772
163.963
165.991
170.516
185.707
189.636
191.723
208.363
210.745
72.7003
74.0667
86.0355
88.3594
89.6441
94.7003
98.8533
100.527
107.667
108.013
112.469
118.943
127.326
132.884
141.751
145.38
162.685
165.914
167.965
172.545
187.916
191.892
194.004
210.841
213.252
73.555
74.9375
87.047
89.3982
90.698
95.8136
100.015
101.709
108.933
109.283
113.791
120.341
128.823
134.446
143.418
147.089
164.597
167.864
169.94
174.573
190.125
194.148
196.285
213.32
215.759
74.4097
75.8083
88.0585
90.437
91.7519
96.927
101.178
102.891
110.199
110.553
115.113
121.74
130.32
136.008
145.084
148.798
166.51
169.815
171.915
176.602
192.335
196.404
198.566
215.799
218.266
75.2644
76.6791
89.07
91.4758
92.8058
98.0403
102.34
104.073
111.465
111.823
116.435
123.138
131.817
137.57
146.751
150.507
168.423
171.766
173.889
178.63
194.544
198.66
200.847
218.278
220.774
76.1191
77.5498
90.0814
92.5146
93.8597
99.1537
103.502
105.255
112.731
113.093
117.758
124.537
133.314
139.133
148.417
152.216
170.335
173.716
175.864
180.659
196.753
200.916
203.128
220.756
223.281
76.9738
78.4206
91.0929
93.5534
94.9136
100.267
104.664
106.436
113.996
114.363
119.08
125.935
134.811
140.695
150.084
153.926
172.248
175.667
177.839
182.687
198.962
203.172
205.408
223.235
225.788
77.8285
79.2914
92.1044
94.5922
95.9676
101.38
105.826
107.618
115.262
115.633
120.402
127.333
136.308
142.257
151.75
155.635
174.16
177.617
179.813
184.716
201.171
205.428
207.689
225.714
228.295
78.6832
80.1621
93.1159
95.6311
97.0215
102.494
106.989
108.8
116.528
116.903
121.724
128.732
137.804
143.819
153.417
157.344
176.073
179.568
181.788
186.744
203.381
207.684
209.97
228.193
230.802
79.5379
81.0329
94.1274
96.6699
98.0754
103.607
108.151
109.982
117.794
118.172
123.047
130.13
139.301
145.382
155.083
159.053
177.986
181.518
183.763
188.773
205.59
209.94
212.251
230.672
233.309
80.3926
81.9037
95.1388
97.7087
99.1293
104.72
109.313
111.164
119.06
119.442
124.369
131.528
140.798
146.944
156.75
160.762
179.898
183.469
185.738
190.801
207.799
212.196
214.532
233.15
235.816
81.2473
82.7745
96.1503
98.7475
100.183
105.834
110.475
112.346
120.325
120.712
125.691
132.927
142.295
148.506
158.417
162.471
181.811
185.42
187.712
192.83
210.008
214.452
216.812
235.629
238.323
82.1021
83.6452
97.1618
99.7863
101.237
106.947
111.637
113.528
121.591
121.982
127.013
134.325
143.792
150.068
160.083
164.181
183.723
187.37
189.687
194.859
212.218
216.708
219.093
238.108
240.83
82.9568
84.516
98.1733
100.825
102.291
108.06
112.799
114.709
122.857
123.252
128.335
135.723
145.289
151.631
161.75
165.89
185.636
189.321
191.662
196.887
214.427
218.964
221.374
240.587
243.338
83.8115
85.3868
99.1848
101.864
103.345
109.174
113.962
115.891
124.123
124.522
129.658
137.122
146.786
153.193
163.416
167.599
187.549
191.271
193.636
198.916
216.636
221.22
223.655
243.065
245.845
84.6662
86.2576
100.196
102.903
104.399
110.287
115.124
117.073
125.389
125.792
130.98
138.52
148.283
154.755
165.083
169.308
189.461
193.222
195.611
200.944
218.845
223.476
225.936
245.544
248.352
85.5209
87.1283
101.208
103.941
105.453
111.401
116.286
118.255
126.654
127.061
132.302
139.919
149.78
156.318
166.749
171.017
191.374
195.173
197.586
202.973
221.055
225.732
228.217
248.023
250.859
86.3756
87.9991
102.219
104.98
106.507
112.514
117.448
119.437
127.92
128.331
133.624
141.317
151.277
157.88
168.416
172.726
193.287
197.123
199.56
205.001
223.264
227.988
230.497
250.502
253.366
87.2303
88.8699
103.231
106.019
107.561
113.627
118.61
120.619
129.186
129.601
134.947
142.715
152.774
159.442
170.082
174.436
195.199
199.074
201.535
207.03
225.473
230.244
232.778
252.981
255.873
88.085
89.7407
104.242
107.058
108.614
114.741
119.773
121.801
130.452
130.871
136.269
144.114
154.271
161.004
171.749
176.145
197.112
201.024
203.51
209.058
227.682
232.5
235.059
255.459
258.38
88.9397
90.6114
105.254
108.097
109.668
115.854
120.935
122.982
131.718
132.141
137.591
145.512
155.768
162.567
173.415
177.854
199.024
202.975
205.485
211.087
229.892
234.756
237.34
257.938
260.887
89.7944
91.4822
106.265
109.135
110.722
116.967
122.097
124.164
132.983
133.411
138.913
146.91
157.264
164.129
175.082
179.563
200.937
204.925
207.459
213.115
232.101
237.012
239.621
260.417
263.394
90.6491
92.353
107.277
110.174
111.776
118.081
123.259
125.346
134.249
134.681
140.236
148.309
158.761
165.691
176.748
181.272
202.85
206.876
209.434
215.144
234.31
239.268
241.901
262.896
265.902
91.5038
93.2237
108.288
111.213
112.83
119.194
124.421
126.528
135.515
135.951
141.558
149.707
160.258
167.253
178.415
182.981
204.762
208.827
211.409
217.172
236.519
241.524
244.182
265.374
268.409
92.3585
94.0945
109.3
112.252
113.884
120.307
125.583
127.71
136.781
137.22
142.88
151.105
161.755
168.816
180.081
184.691
206.675
210.777
213.383
219.201
238.729
243.78
246.463
267.853
270.916
93.2132
94.9653
110.311
113.291
114.938
121.421
126.746
128.892
138.046
138.49
144.202
152.504
163.252
170.378
181.748
186.4
208.587
212.728
215.358
221.229
240.938
246.036
248.744
270.332
273.423
94.0679
95.8361
111.323
114.33
115.992
122.534
127.908
130.074
139.312
139.76
145.525
153.902
164.749
171.94
183.414
188.109
210.5
214.678
217.333
223.258
243.147
248.292
251.025
272.811
275.93
94.9226
96.7068
112.334
115.368
117.046
123.647
129.07
131.255
140.578
141.03
146.847
155.301
166.246
173.502
185.081
189.818
212.413
216.629
219.307
225.287
245.356
250.548
253.306
275.289
278.437
95.7773
97.5776
113.346
116.407
118.1
124.761
130.232
132.437
141.844
142.3
148.169
156.699
167.743
175.065
186.747
191.527
214.325
218.579
221.282
227.315
247.566
252.804
255.586
277.768
280.944
96.632
98.4484
114.357
117.446
119.154
125.874
131.394
133.619
143.11
143.57
149.492
158.097
169.24
176.627
188.414
193.236
216.238
220.53
223.257
229.344
249.775
255.06
257.867
280.247
283.451
97.4868
99.3192
115.368
118.485
120.207
126.987
132.556
134.801
144.375
144.84
150.814
159.496
170.737
178.189
190.08
194.946
218.15
222.481
225.232
231.372
251.984
257.316
260.148
282.726
285.958
98.3415
100.19
116.38
119.524
121.261
128.101
133.719
135.983
145.641
146.109
152.136
160.894
172.234
179.751
191.747
196.655
220.063
224.431
227.206
233.401
254.193
259.572
262.429
285.204
288.466
99.1962
101.061
117.391
120.562
122.315
129.214
134.881
137.165
146.907
147.379
153.458
162.292
173.731
181.314
193.413
198.364
221.976
226.382
229.181
235.429
256.403
261.828
264.71
287.683
290.973
100.051
101.931
118.403
121.601
123.369
130.327
136.043
138.347
148.173
148.649
154.781
163.691
175.227
182.876
195.08
200.073
223.888
228.332
231.156
237.458
258.612
264.084
266.991
290.162
293.48
100.906
102.802
119.414
122.64
124.423
131.441
137.205
139.528
149.439
149.919
156.103
165.089
176.724
184.438
196.746
201.782
225.801
230.283
233.13
239.486
260.821
266.34
269.271
292.641
295.987
101.76
103.673
120.426
123.679
125.477
132.554
138.367
140.71
150.704
151.189
157.425
166.487
178.221
186
198.413
203.491
227.714
232.233
235.105
241.515
263.03
268.596
271.552
295.119
298.494
102.615
104.544
121.437
124.718
126.531
133.668
139.529
141.892
151.97
152.459
158.747
167.886
179.718
187.563
200.079
205.201
229.626
234.184
237.08
243.543
265.24
270.852
273.833
297.598
301.001
103.47
105.415
122.449
125.756
127.585
134.781
140.692
143.074
153.236
153.729
160.07
169.284
181.215
189.125
201.746
206.91
231.539
236.135
239.054
245.572
267.449
273.108
276.114
300.077
303.508
104.324
106.285
123.46
126.795
128.639
135.894
141.854
144.256
154.502
154.999
161.392
170.682
182.712
190.687
203.412
208.619
233.451
238.085
241.029
247.6
269.658
275.364
278.395
302.556
306.015
105.179
107.156
124.472
127.834
129.693
137.008
143.016
145.438
155.768
156.268
162.714
172.081
184.209
192.249
205.079
210.328
235.364
240.036
243.004
249.629
271.867
277.62
280.675
305.035
308.522
106.034
108.027
125.483
128.873
130.747
138.121
144.178
146.619
157.033
157.538
164.036
173.479
185.706
193.812
206.745
212.037
237.277
241.986
244.979
251.658
274.077
279.876
282.956
307.513
311.03
106.889
108.898
126.495
129.912
131.8
139.234
145.34
147.801
158.299
158.808
165.359
174.878
187.203
195.374
208.412
213.746
239.189
243.937
246.953
253.686
276.286
282.132
285.237
309.992
313.537
107.743
109.768
127.506
130.95
132.854
140.348
146.502
148.983
159.565
160.078
166.681
176.276
188.7
196.936
210.078
215.456
241.102
245.888
248.928
255.715
278.495
284.388
287.518
312.471
316.044
108.598
110.639
128.518
131.989
133.908
141.461
147.665
150.165
160.831
161.348
168.003
177.674
190.197
198.498
211.745
217.165
243.014
247.838
250.903
257.743
280.704
286.644
289.799
314.95
318.551
109.453
111.51
129.529
133.028
134.962
142.574
148.827
151.347
162.097
162.618
169.325
179.073
191.694
200.061
213.411
218.874
244.927
249.789
252.877
259.772
282.914
288.9
292.08
317.428
321.058
110.307
112.381
130.541
134.067
136.016
143.688
149.989
152.529
163.362
163.888
170.648
180.471
193.19
201.623
215.078
220.583
246.84
251.739
254.852
261.8
285.123
291.156
294.36
319.907
323.565
111.162
113.252
131.552
135.106
137.07
144.801
151.151
153.711
164.628
165.157
171.97
181.869
194.687
203.185
216.744
222.292
248.752
253.69
256.827
263.829
287.332
293.412
296.641
322.386
326.072
112.017
114.122
132.564
136.144
138.124
145.915
152.313
154.892
165.894
166.427
173.292
183.268
196.184
204.747
218.411
224.001
250.665
255.64
258.801
265.857
289.541
295.668
298.922
324.865
328.579
112.871
114.993
133.575
137.183
139.178
147.028
153.476
156.074
167.16
167.697
174.614
184.666
197.681
206.31
220.077
225.711
252.578
257.591
260.776
267.886
291.751
297.924
301.203
327.343
331.086
113.726
115.864
134.587
138.222
140.232
148.141
154.638
157.256
168.426
168.967
175.937
186.064
199.178
207.872
221.744
227.42
254.49
259.542
262.751
269.914
293.96
300.18
303.484
329.822
333.594
114.581
116.735
135.598
139.261
141.286
149.255
155.8
158.438
169.691
170.237
177.259
187.463
200.675
209.434
223.41
229.129
256.403
261.492
264.726
271.943
296.169
302.436
305.765
332.301
336.101
115.436
117.605
136.61
140.3
142.34
150.368
156.962
159.62
170.957
171.507
178.581
188.861
202.172
210.996
225.077
230.838
258.315
263.443
266.7
273.971
298.379
304.692
308.045
334.78
338.608
116.29
118.476
137.621
141.338
143.393
151.481
158.124
160.802
172.223
172.777
179.903
190.26
203.669
212.559
226.743
232.547
260.228
265.393
268.675
276
300.588
306.948
310.326
337.258
341.115
117.145
119.347
138.633
142.377
144.447
152.595
159.286
161.984
173.489
174.047
181.226
191.658
205.166
214.121
228.41
234.257
262.141
267.344
270.65
278.028
302.797
309.204
312.607
339.737
343.622
118
120.218
139.644
143.416
145.501
153.708
160.449
163.165
174.754
175.316
182.548
193.056
206.663
215.683
230.076
235.966
264.053
269.295
272.624
280.057
305.006
311.46
314.888
342.216
346.129
118.854
121.088
140.656
144.455
146.555
154.821
161.611
164.347
176.02
176.586
183.87
194.455
208.16
217.245
231.743
237.675
265.966
271.245
274.599
282.086
307.216
313.716
317.169
344.695
348.636
119.709
121.959
141.667
145.494
147.609
155.935
162.773
165.529
177.286
177.856
185.192
195.853
209.657
218.808
233.409
239.384
267.879
273.196
276.574
284.114
309.425
315.972
319.449
347.173
351.143
120.564
122.83
142.679
146.532
148.663
157.048
163.935
166.711
178.552
179.126
186.515
197.251
211.153
220.37
235.076
241.093
269.791
275.146
278.548
286.143
311.634
318.228
321.73
349.652
353.65
121.419
123.701
143.69
147.571
149.717
158.161
165.097
167.893
179.818
180.396
187.837
198.65
212.65
221.932
236.742
242.802
271.704
277.097
280.523
288.171
313.843
320.484
324.011
352.131
356.158
Deleting FrameFactory
